4:

Training:

MSE =

   0.314500031909614
   

Test:
MSE =

  0.281293230658231
   
   
 width= 0.395011975181766


Centers:
 -0.736623000000000   0.266741000000000
   0.260430000000000   0.356116000000000
  -0.312748000000000   0.728615000000000
   0.485674000000000   0.680615000000000
   
   
   
   
	  
	  
	  
9:
Training:

MSE =

   0.292890771415955


Test:

MSE =

   0.274976264284441


Width:
0.310304699216754



Centers:

 -0.768958000000000   0.216822000000000
  -0.382285000000000   0.418509000000000
   0.343117000000000   0.215028000000000
  -0.574386000000000   0.650050000000000
   0.124991000000000   0.391607000000000
   0.464682000000000   0.454497000000000
  -0.267425000000000   0.800397000000000
   0.064529000000000   0.652218000000000
   0.486792000000000   0.764013000000000
   
   
   
   


25:
Training:


MSE =

   0.284455811195721

Test:
MSE =

   0.279033161987399
   
width:
0.436034846832223


Centers:
  -0.857763000000000   0.166462000000000
  -0.705062000000000   0.024813000000000
  -0.518932000000000   0.165257000000000
   0.104670000000000   0.244242000000000
   0.374003000000000   0.135401000000000
  -0.922265000000000   0.452170000000000
  -0.631994000000000   0.329649000000000
  -0.048404000000000   0.369916000000000
   0.252477000000000   0.404631000000000
   0.448556000000000   0.286287000000000
  -0.608680000000000   0.589588000000000
  -0.356837000000000   0.492071000000000
  -0.011012000000000   0.565250000000000
   0.405126000000000   0.485651000000000
   0.613263000000000   0.422317000000000
  -0.430747000000000   0.702814000000000
  -0.238286000000000   0.673311000000000
   0.051964000000000   0.666024000000000
   0.323071000000000   0.684829000000000
   0.518877000000000   0.609581000000000
  -0.539053000000000   0.943462000000000
  -0.199797000000000   0.887882000000000
   0.287427000000000   0.916721000000000
   0.442861000000000   0.788906000000000
   0.659444000000000   0.813874000000000



